Id, SalePrice
1461,165013.4492435085
1462,165028.74579103937
1463,165036.74849439887
1464,165000.06740708955
1465,164957.9718243161
1466,165000.15350037176
1467,164980.44666998164
1468,164984.33048187516
1469,165002.04740667515
1470,164982.3621526767
1471,164964.23165161753
1472,164940.01239389414
1473,164940.27609032555
1474,164943.50495333344
1475,164941.9769760354
1476,165032.57501982103
1477,165030.02755163403
1478,165018.16937282542
1479,165042.46134092662
1480,165048.85671051138
1481,165039.55982561407
1482,164974.7510539973
1483,165069.48319624903
1484,164947.36586992192
1485,165029.7313525255
1486,164987.15572680734
1487,165067.95664789068
1488,164993.21896418225
1489,164992.5557248283
1490,165005.34554588908
1491,165019.1076220621
1492,164995.9701705504
1493,165049.62837245513
1494,165033.38507614806
1495,165014.93093335212
1496,164957.98668417783
1497,164949.72159152298
1498,164946.15661245718
1499,164943.32258837123
1500,164943.52562986242
1501,164946.92137019563
1502,164942.4219465958
1503,165029.192482075
1504,164977.2117171792
1505,164982.77023889776
1506,165008.11203419225
1507,165012.170065063
1508,165072.6243345582
1509,164995.9540780382
1510,164995.88382786736
1511,164998.42661973042
1512,164998.41112172513
1513,165005.86936941897
1514,165031.30083150193
1515,165001.4615367498
1516,165063.0896879424
1517,165012.1326323952
1518,164986.180116577
1519,164984.62089863955
1520,164980.4859122779
1521,165006.32146276318
1522,165001.4461956786
1523,164983.62850105917
1524,165007.24439872243
1525,165006.51182172407
1526,165032.2724496346
1527,164977.8775681328
1528,164980.10405863007
1529,164977.00333242756
1530,164998.36177493204
1531,164957.2161691246
1532,164951.3187902168
1533,164963.09921558507
1534,164970.41059079344
1535,165018.25621798463
1536,164982.44581503436
1537,164993.87927680838
1538,164996.19033405834
1539,164992.0345276316
1540,164991.47144849916
1541,165004.8389717231
1542,164963.58338917486
1543,164981.55913728886
1544,164954.7352222045
1545,164962.2731696962
1546,164962.79077378835
1547,164966.63902393135
1548,164963.78206955036
1549,164964.11934752096
1550,164966.38135164004
1551,164964.19798497832
1552,164983.71853990038
1553,165025.51624060754
1554,164945.74202887664
1555,165050.0379442509
1556,165004.13932570984
1557,164996.99435036778
1558,164961.61872807928
1559,164967.32699073813
1560,164965.203644317
1561,165008.85482520136
1562,164976.64030619903
1563,164977.0274895591
1564,164976.63764224114
1565,165010.68569278592
1566,165076.40220957703
1567,164989.5072348077
1568,165063.27164911025
1569,165069.5332177393
1570,165011.81597168895
1571,164992.7118751111
1572,164994.5554712714
1573,165064.82664285687
1574,165011.89274626694
1575,165020.09065149142
1576,165024.4033547868
1577,164975.75603636974
1578,165039.17118636123
1579,165008.5487074889
1580,164994.09410804932
1581,165046.2102028611
1582,164974.21713705873
1583,165008.54031388217
1584,164996.76860148023
1585,164951.90856534426
1586,164982.88443577432
1587,164985.6591577654
1588,164999.65727431397
1589,165015.5537443237
1590,164965.596248777
1591,164964.6337023033
1592,164956.51089968646
1593,164977.6408629363
1594,164974.94052633925
1595,164996.89528233957
1596,165007.8666818012
1597,165053.56680229882
1598,165073.5886675945
1599,164949.88392310345
1600,164951.09422873805
1601,164977.7965296753
1602,164989.5477010289
1603,164985.1440848252
1604,164952.95238665098
1605,165012.1171607954
1606,164996.30720838346
1607,165031.41810021005
1608,165019.22629889657
1609,164997.97796554075
1610,164996.46706926788
1611,165048.3744857806
1612,165002.47185678157
1613,165019.10359674925
1614,164942.66040994204
1615,164938.94748866535
1616,164940.04897479407
1617,164940.6358334508
1618,164969.65318255892
1619,165024.72955556863
1620,164983.07837475618
1621,165002.91845886825
1622,165004.72196459203
1623,165001.596834159
1624,165030.12029767438
1625,165026.4851603858
1626,165003.0897733227
1627,165001.97583976184
1628,165020.45083220524
1629,164983.8336880281
1630,164982.67925435345
1631,164977.12892769754
1632,164983.96819462362
1633,164987.8481987131
1634,164977.17342112726
1635,164987.80226671297
1636,164974.40323092724
1637,165020.56935918058
1638,165033.15644875023
1639,165011.10327122323
1640,165027.60692746498
1641,165011.83553947962
1642,164973.87055117643
1643,164978.70742202157
1644,164986.5513273607
1645,164995.92965153608
1646,165000.32256050355
1647,165009.6168170658
1648,164979.36461975877
1649,164984.34284224483
1650,164970.55313869094
1651,164988.07513025607
1652,164939.91736739426
1653,164939.77097934074
1654,164943.81759084435
1655,164942.55867709388
1656,164943.73840817262
1657,164944.01320027345
1658,164943.8617062877
1659,164941.2388636781
1660,165005.39708545047
1661,165046.49356646964
1662,165028.19789294014
1663,165027.7570077783
1664,165042.67903790344
1665,165019.00081380518
1666,165062.64075691407
1667,165083.12674321161
1668,165007.02516951086
1669,165010.2114785356
1670,165036.99096601756
1671,165030.81177298116
1672,165054.5564603334
1673,165035.13431318817
1674,164999.71358644002
1675,164972.43265477085
1676,164958.87984547776
1677,165003.52294279236
1678,165051.41213811486
1679,165053.38623430431
1680,164980.25529512877
1681,164970.2019585937
1682,165061.77010751943
1683,164950.31941187693
1684,165008.30221580103
1685,164989.09412296294
1686,164947.6562942626
1687,164992.68078336035
1688,164981.51798708053
1689,165001.40912033498
1690,164989.4041655494
1691,164981.42576674736
1692,165029.46442776886
1693,164995.3397001915
1694,164984.57071162522
1695,164977.37134201435
1696,165056.491113353
1697,164978.24108882103
1698,165031.84648384954
1699,165011.5526252886
1700,164993.7888807187
1701,165019.9386229197
1702,165015.09930302258
1703,165005.01408616264
1704,165004.26954808194
1705,164993.0071062069
1706,165018.50864521714
1707,164982.60894765795
1708,164988.40093497804
1709,165027.48899754195
1710,164978.38074286215
1711,165007.03881886473
1712,164986.6697045582
1713,165008.56060242603
1714,164989.5189202605
1715,164982.61775378216
1716,164996.17972790758
1717,164976.30229925967
1718,164974.63575119432
1719,165007.07938065077
1720,165002.6860275915
1721,165028.88554794833
1722,165026.3379793026
1723,165022.71686936854
1724,164977.2042735765
1725,165016.6730231141
1726,164978.8575334447
1727,164974.80630497498
1728,164990.64797436574
1729,165001.54624926034
1730,164982.81474483368
1731,164994.96932182906
1732,164983.4405575575
1733,164988.4825180037
1734,164991.6358382001
1735,164976.9162170093
1736,164971.0830844737
1737,165055.3664355801
1738,165019.87134151746
1739,164953.19389335366
1740,164954.3636728588
1741,164952.80122681468
1742,164946.5008699171
1743,164949.7398551609
1744,165046.28887219078
1745,165052.28010563608
1746,164998.73624786563
1747,165028.16119447592
1748,165008.31765086716
1749,164996.35299113143
1750,164989.85565975017
1751,165038.78518081186
1752,164971.0001384098
1753,164998.2911536079
1754,164998.73728350922
1755,165057.67921684159
1756,164973.85381729063
1757,164979.65276917527
1758,164994.64398780683
1759,165034.39436724092
1760,164993.8003380651
1761,165004.8825321985
1762,164991.9416996188
1763,165015.2328726335
1764,164995.4849124242
1765,165001.52812653073
1766,165006.50620721802
1767,165045.33885189146
1768,164987.2418901273
1769,165022.44588166176
1770,164990.66205953262
1771,164987.23808236455
1772,164988.36593120726
1773,165002.618127165
1774,164999.46505512073
1775,164980.87216810675
1776,165027.3688811539
1777,164982.29877134098
1778,164976.07878630818
1779,164992.4612916259
1780,165012.9714158211
1781,164995.4712422054
1782,164958.24406359025
1783,165006.77473362672
1784,164979.38791747467
1785,165000.89506947986
1786,165007.06895129842
1787,164974.18636243473
1788,164955.1070710231
1789,165004.97392910204
1790,165004.05497540315
1791,165002.2027978179
1792,165002.105415737
1793,165012.88641517586
1794,164979.22436277018
1795,165003.16410817686
1796,164987.25475122593
1797,164980.34794844768
1798,164974.15233133745
1799,164970.6985564061
1800,164978.77845845322
1801,165007.29299768538
1802,164981.30375158557
1803,164978.36473127935
1804,164984.66538688834
1805,164978.92634576364
1806,164951.42789132133
1807,165004.27517576076
1808,165049.25959698897
1809,164995.71635836753
1810,164967.1543902254
1811,164976.07315007492
1812,164998.64844795212
1813,164963.372148793
1814,164973.45126649542
1815,164959.20581492787
1816,164982.52245949346
1817,164995.69980363213
1818,164986.59336655127
1819,164948.1030845185
1820,164944.5415390676
1821,164959.7998756539
1822,164996.95139727785
1823,164988.01047390574
1824,164969.45403598755
1825,164956.5085040029
1826,164962.33451065072
1827,164963.8609910997
1828,164965.63382428355
1829,164986.54699474145
1830,164983.40198306376
1831,165000.01104623562
1832,164948.10204104855
1833,164972.22462756114
1834,164961.59017758904
1835,164963.6224951109
1836,164959.9608424576
1837,164955.07695437066
1838,165001.5275402899
1839,164949.90952567512
1840,165004.95877119224
1841,165004.1023680933
1842,164995.28380873805
1843,165014.65054109023
1844,164978.49311333962
1845,165049.3035710603
1846,165048.0586604325
1847,165052.68707713074
1848,164983.37421335813
1849,165048.8152312515
1850,164994.48824824995
1851,164993.39611087414
1852,164975.1738214559
1853,164951.38514084986
1854,165005.93359093842
1855,165071.10247176417
1856,165007.19656944054
1857,165076.8783450063
1858,164973.5986268807
1859,164970.88194575527
1860,164972.51040881092
1861,164970.70756185084
1862,165023.39324952426
1863,164986.41801499153
1864,164986.7473423963
1865,165011.96428054318
1866,165011.18957564147
1867,164994.12883357675
1868,165017.4264175533
1869,164970.86940025518
1870,165003.33295515456
1871,165018.000941281
1872,165015.13636512277
1873,165060.78134115695
1874,164995.74708194833
1875,165045.3783717595
1876,164988.98850880892
1877,165008.18290533678
1878,165013.13893684398
1879,165053.81595104825
1880,164969.8751763709
1881,165018.73335932844
1882,165025.68352643528
1883,164988.76483718425
1884,165013.77125026184
1885,165053.33965799218
1886,165030.12444979913
1887,164988.99345452912
1888,165004.13703680597
1889,165009.1922155129
1890,165005.57652693955
1891,164947.92150884707
1892,164965.15119407038
1893,165016.46344002636
1894,165009.5919301144
1895,165017.85280811056
1896,164981.44626219163
1897,164965.49988082403
1898,164960.6876140275
1899,164985.18061207677
1900,164971.86032200794
1901,165034.82720694644
1902,165043.59802867382
1903,164986.01067963487
1904,164989.69371092538
1905,165033.06073559626
1906,165050.8262758251
1907,165065.6467967448
1908,164940.30358272744
1909,164940.09521830705
1910,164940.53419413228
1911,165035.13289719282
1912,165068.2032967104
1913,164989.1982639352
1914,164997.3954042691
1915,164953.1435472495
1916,165076.0635511138
1917,165003.5510619713
1918,164995.19293182692
1919,164993.0066242094
1920,165012.7670133537
1921,165037.68828377422
1922,165044.35321441197
1923,165000.7524202094
1924,165042.68829858574
1925,164993.88004575422
1926,165029.94892102826
1927,165022.6995992362
1928,165032.73576721296
1929,164975.37971480316
1930,164975.742384073
1931,164975.8749473901
1932,165002.478598029
1933,165004.52689313563
1934,164987.7677224755
1935,164981.62348052987
1936,164995.6552289259
1937,165047.10049212788
1938,165039.65908469693
1939,164969.33108268536
1940,164958.5987921077
1941,165012.0290601733
1942,165038.92039919444
1943,164964.8282651661
1944,165038.14428949528
1945,165052.9144035051
1946,165063.10911639323
1947,164985.21771871447
1948,165027.78399670208
1949,165028.3542080517
1950,165008.05405704802
1951,165072.83406467072
1952,165044.44950464834
1953,165029.17109115707
1954,165005.59875037905
1955,164996.12832144977
1956,165030.7115863403
1957,165005.2130716225
1958,165044.35934783335
1959,164991.42288030032
1960,165000.62083967842
1961,164974.53605122835
1962,164939.83303543096
1963,164940.61097368586
1964,164940.84642240396
1965,164943.43263385486
1966,164943.80006482234
1967,165028.43879071934
1968,165041.40126798037
1969,165045.52080612717
1970,165039.3426387409
1971,165031.36812226954
1972,165025.42996910293
1973,164991.97842399887
1974,165009.36703576177
1975,165033.43179427442
1976,165010.53964683617
1977,165064.89643931916
1978,165062.73253399096
1979,165005.5719531871
1980,165023.1411743848
1981,164987.46789828505
1982,164967.02639445712
1983,164967.43975673628
1984,164944.71806889455
1985,164952.5506886266
1986,164952.89488014358
1987,164950.12259416812
1988,164990.29927057461
1989,164981.89547066472
1990,164986.52298769154
1991,164975.69705301672
1992,164984.89451204872
1993,164978.1225321234
1994,165026.72935748915
1995,164985.07073878477
1996,165000.70732792103
1997,165014.22489189767
1998,165021.11195315793
1999,165012.15153200127
2000,165023.6651440806
2001,165002.77045067138
2002,165033.08477563225
2003,165001.06766532117
2004,164996.28539827673
2005,165001.51483170857
2006,164988.11926686208
2007,165009.1358763268
2008,164976.55367151616
2009,165001.09894285674
2010,165027.24290000697
2011,165026.74987973043
2012,164992.41870140086
2013,164985.2090346914
2014,164986.01292483936
2015,165042.52576787784
2016,164985.66681872006
2017,164984.3637489119
2018,164988.89556728894
2019,164979.4878227962
2020,164982.66146112664
2021,164964.85665211827
2022,165074.38146359776
2023,165007.24553994753
2024,164996.9034680416
2025,165017.475665034
2026,164949.005277328
2027,164945.93669351056
2028,164946.86302693168
2029,164943.6522085315
2030,164958.50534999016
2031,164955.17679936613
2032,164954.84024185486
2033,164954.10669759446
2034,164942.72003977385
2035,165007.22121765805
2036,164945.6906122849
2037,164945.7543543092
2038,164954.47017658385
2039,165009.49278234335
2040,165082.30441253926
2041,165057.26755904156
2042,164978.1174632877
2043,165011.61797812826
2044,165013.29167481608
2045,165051.09120288974
2046,165000.0882392479
2047,164987.77488168798
2048,164979.96130516022
2049,165013.597660283
2050,165032.3011609624
2051,164975.33050704063
2052,164998.14856140618
2053,165011.80872087923
2054,164953.52774363
2055,164997.01138776162
2056,164994.2522437103
2057,164975.9492318378
2058,165045.79437229887
2059,164988.22215528422
2060,164998.87445951923
2061,165032.10737388354
2062,165002.81149712042
2063,165012.12108919927
2064,164993.1286030292
2065,165024.57132807156
2066,165041.2315386203
2067,164987.6914425021
2068,165027.05422208842
2069,164996.52243099213
2070,164975.01567682863
2071,164957.14595652762
2072,165008.78376475727
2073,164999.79116306122
2074,165013.4233469344
2075,165027.0037581368
2076,164971.9333006676
2077,164980.53553901607
2078,164979.19610430207
2079,164980.72498414596
2080,164965.861441511
2081,164972.82388857869
2082,164987.7762693858
2083,164973.99731038802
2084,164971.61943361326
2085,164976.66915380766
2086,164995.1958573076
2087,164991.04452157352
2088,164955.25178574008
2089,164953.1426906693
2090,164963.84056910124
2091,165011.59187006825
2092,164978.1958497727
2093,164975.60376422133
2094,164957.55032341508
2095,165007.47770991715
2096,164967.2496070953
2097,164960.6153899248
2098,164990.51120394588
2099,164970.17766276025
2100,165018.33939151195
2101,164991.8380435408
2102,164958.92450451248
2103,164988.38816774223
2104,164999.22942131065
2105,164962.55009084742
2106,165010.84779400847
2107,165012.3693284375
2108,164995.71180530268
2109,164984.21768344706
2110,164972.0572119126
2111,164976.01032151672
2112,164973.4812246897
2113,164955.74461501892
2114,164961.8773136631
2115,164964.97029849276
2116,164962.86637010548
2117,164964.44901113986
2118,164963.33189204225
2119,164956.09923056967
2120,164959.21944836123
2121,164960.14462728778
2122,164964.64934296085
2123,164961.08404546796
2124,164968.04747239
2125,164967.4788401345
2126,164992.50430842716
2127,164983.0958103381
2128,164953.4925004327
2129,164964.06566932463
2130,165001.97503824276
2131,164973.49498494953
2132,165002.1519416815
2133,164972.958576952
2134,164971.17025846682
2135,164999.34013744292
2136,164999.39855967768
2137,164993.58132475597
2138,165010.39630278404
2139,165027.74543324418
2140,165000.52024700053
2141,164975.84858707388
2142,164998.5662685556
2143,164974.3502939761
2144,165027.06666176286
2145,164990.50999376414
2146,165038.47623682526
2147,165006.24248076798
2148,164983.17988068165
2149,164999.83824746672
2150,165077.28899774892
2151,164956.57951630754
2152,165072.46119901908
2153,164997.16960398998
2154,164989.09720803375
2155,164991.99991775275
2156,165003.1047593183
2157,165001.6847736487
2158,165041.4972864537
2159,165006.6782718978
2160,165004.71864715245
2161,164996.69016423292
2162,165023.9497586498
2163,165020.7362221381
2164,165015.76193831858
2165,165015.166933333
2166,164995.79450397394
2167,164988.55256079376
2168,165030.9770436959
2169,164990.507333835
2170,165021.63166896283
2171,165020.45419332548
2172,164991.42596605522
2173,165040.3481376984
2174,165007.44683415047
2175,165000.11537249
2176,165048.02851852775
2177,165012.51444881162
2178,165017.40239856404
2179,164951.8724578057
2180,165004.70959747184
2181,164998.94078044104
2182,165012.7268280368
2183,164997.29309467025
2184,164996.95460609312
2185,165017.6074318461
2186,164967.60041688976
2187,164995.3070487288
2188,164973.12319616758
2189,165027.70956532346
2190,164960.24429728888
2191,164966.5576647728
2192,164967.4772916034
2193,165016.37290067587
2194,164976.4677599933
2195,164993.4917397958
2196,164976.12412264565
2197,164957.61234885835
2198,164975.59729559487
2199,164980.41789504155
2200,164988.49494411866
2201,165049.4151951418
2202,164977.01120942662
2203,164996.73941221138
2204,165017.7673381649
2205,164992.06659689936
2206,164978.2316374528
2207,164997.5168367984
2208,165025.2622611224
2209,165079.12336289487
2210,164940.57823898952
2211,164970.09635257628
2212,164962.59833907834
2213,164979.32919907852
2214,164964.28057570368
2215,164972.78743672898
2216,164992.50381575743
2217,165037.9565021908
2218,164957.1581916543
2219,164955.66803763065
2220,164986.9698351105
2221,164953.18301126978
2222,164952.95101151452
2223,165082.61426283186
2224,165011.75048458477
2225,165001.57995845724
2226,165002.4241096445
2227,164953.13447489025
2228,165017.05349732592
2229,165028.4284362147
2230,164996.37889570155
2231,165019.8844910866
2232,165029.4029603389
2233,165068.09936777753
2234,165012.71988943356
2235,164982.92228667636
2236,165017.3110429555
2237,165018.80889850942
2238,164990.50904778225
2239,164990.13322640752
2240,164954.06608627294
2241,165038.66353048026
2242,164951.63314863894
2243,164944.36388220897
2244,164940.62985999047
2245,164939.47810863334
2246,165065.67328106455
2247,164938.90508941875
2248,164965.67212870478
2249,164966.58333482168
2250,165020.66917349762
2251,165021.57850338786
2252,165008.53366031946
2253,164987.36577339785
2254,165000.74538034806
2255,164987.59934080692
2256,164979.50661535998
2257,164979.97081421822
2258,164995.2888399806
2259,164978.67075234166
2260,165067.22156325803
2261,164955.6223197434
2262,164958.67303822804
2263,165026.8506390147
2264,165024.1600022606
2265,165035.0649176621
2266,164983.8489135953
2267,165044.28538395787
2268,165040.75412440643
2269,165009.45406476187
2270,165019.76885518894
2271,165024.27557222493
2272,165014.30016574328
2273,165017.33493336354
2274,165004.19695423273
2275,165029.84951442503
2276,164990.09112506543
2277,164982.60334911957
2278,164994.55338373483
2279,164977.82890402543
2280,165060.0891432291
2281,164953.17590752602
2282,165009.65839924937
2283,164941.848365773
2284,164941.89688286633
2285,164942.8758882486
2286,164971.94037418917
2287,165027.42231421237
2288,165021.02535236868
2289,165045.61858462985
2290,165041.46399699533
2291,165037.24141506775
2292,165053.99007042064
2293,165044.17211547834
2294,165041.4524436215
2295,165066.88857555427
2296,165062.18726812003
2297,164999.5521486221
2298,165038.24165653667
2299,165037.02810932166
2300,165044.45460127448
2301,165026.1417304564
2302,165001.7870187906
2303,164996.20822777867
2304,165009.74585519062
2305,164951.53149232344
2306,164951.54915229965
2307,164967.55345637148
2308,164957.50559003765
2309,164982.01919652344
2310,164967.31274635004
2311,164948.7320794306
2312,165052.4083006126
2313,165001.98231389013
2314,165029.83905980442
2315,164988.58676783287
2316,164997.5885941671
2317,165021.41723480768
2318,164982.88303826354
2319,164978.01132391108
2320,164978.69840333043
2321,164951.2781908608
2322,164950.48293847812
2323,165054.0591223231
2324,165008.60847561999
2325,165010.96104014452
2326,165017.15374895913
2327,164981.57266210867
2328,164989.4909501289
2329,164995.50872220384
2330,164997.32716018142
2331,165027.51355503054
2332,165012.8832751196
2333,165014.96988936607
2334,165011.5950969327
2335,165020.2243109451
2336,164996.2001642445
2337,165000.12682482097
2338,165019.72298882005
2339,165007.96812218378
2340,165026.98599802208
2341,165001.59611983763
2342,164990.75374362458
2343,164985.1953176945
2344,164998.29248860123
2345,164991.03106390664
2346,164987.87710935823
2347,164991.21594387482
2348,164988.09844102882
2349,165003.86274723863
2350,165023.15726192974
2351,165006.6273352413
2352,165020.8092696885
2353,165010.66512800578
2354,164974.2874433738
2355,164974.54239643458
2356,165022.67345628628
2357,164978.12917006778
2358,165016.60806507783
2359,164979.66685614298
2360,164964.34404119727
2361,164975.34114211664
2362,165076.7376041857
2363,165005.69139732476
2364,165024.80579068282
2365,164954.530822397
2366,164948.8511615534
2367,164952.6040018889
2368,164950.09759719716
2369,164962.14848909123
2370,164943.55712564185
2371,164943.21138554995
2372,164976.31653234764
2373,164983.48608393388
2374,164989.34629796355
2375,164995.37944009018
2376,165025.18940809646
2377,165069.65698593442
2378,165015.26449037585
2379,164984.96227403719
2380,164986.249875924
2381,165016.67019190447
2382,165014.24062912186
2383,164998.08345862624
2384,165007.7397785023
2385,165005.92801199327
2386,165005.9885041565
2387,164980.04789337
2388,165005.52773378688
2389,164974.44524583305
2390,165039.61502738157
2391,164981.76830797127
2392,164985.0779629742
2393,164987.97250171355
2394,164990.86108722066
2395,164990.79603410684
2396,165012.95781517765
2397,165080.85573089527
2398,165018.52229274332
2399,164953.12111546734
2400,164945.47215597917
2401,164955.9152684559
2402,164995.06131495727
2403,164989.7483545036
2404,164999.2317659359
2405,164996.0082327736
2406,164985.7919824329
2407,164969.60212026583
2408,164982.43898723336
2409,164990.624984768
2410,164999.1959613396
2411,164995.33503105355
2412,165021.47541412705
2413,165000.00514692956
2414,165013.52125901738
2415,164984.1947272739
2416,165007.07636999522
2417,164978.42821306817
2418,164983.29314308002
2419,164974.53313489424
2420,164982.4937970879
2421,164995.97408862258
2422,165050.42537507348
2423,165037.37332407126
2424,165021.26470979943
2425,165081.35827331446
2426,165002.20085374513
2427,165005.2204299846
2428,165000.4908459217
2429,164985.16873965945
2430,164981.67908103068
2431,164972.99758255496
2432,164975.1528465442
2433,164974.4119925319
2434,164979.91533725147
2435,164981.47030587727
2436,164968.43320754677
2437,164966.49135244824
2438,164968.26736534506
2439,164970.51534916586
2440,164963.73015809627
2441,164952.7235865145
2442,164945.87149447636
2443,164972.55268599227
2444,164988.66858967047
2445,164961.45047414803
2446,164997.83244409857
2447,165004.04528123824
2448,164998.2286842832
2449,164953.35080003933
2450,164985.28957116298
2451,164948.41268785702
2452,165036.58269665955
2453,164982.72596226216
2454,165014.74320353376
2455,164969.00655740674
2456,164986.62257435778
2457,164963.9723229703
2458,164962.6290747869
2459,164963.28387314692
2460,164966.09195880062
2461,164965.05285018234
2462,164966.17758507968
2463,164964.14307974395
2464,164982.3256383016
2465,164988.20760779563
2466,164985.18554149492
2467,164961.17790766445
2468,164960.23429621395
2469,164961.26874146442
2470,165033.29532408467
2471,164999.04639652517
2472,165006.25212388512
2473,164952.33008443954
2474,165002.2684399262
2475,165030.819909058
2476,164952.79871658498
2477,165009.80385173747
2478,165013.0531084052
2479,165038.71401564952
2480,165037.0630329834
2481,165014.1561573254
2482,164982.37889794714
2483,164984.53955603912
2484,164982.61346926057
2485,164980.08335111826
2486,165039.1219637548
2487,165062.50254721014
2488,164970.58385006528
2489,165012.58136426713
2490,165034.44351595626
2491,164986.3842234067
2492,165010.5364144427
2493,165062.63538510734
2494,165081.09598785845
2495,165063.93149511842
2496,165030.2154799138
2497,165005.35734393614
2498,164957.95693713264
2499,165010.2558331762
2500,164949.23646983938
2501,164993.24411859037
2502,165010.46565832052
2503,164976.6179273674
2504,165081.08611769206
2505,164994.67257729537
2506,164995.42446860165
2507,165010.95593703652
2508,165005.49983527267
2509,165019.31360107745
2510,164990.1765997797
2511,164974.97323853523
2512,164994.55961521005
2513,164990.52885627802
2514,165075.6241546269
2515,165038.5112478705
2516,164998.61469156886
2517,164983.33981959475
2518,165056.93005289778
2519,165009.5809818678
2520,165023.50293822322
2521,164996.13608546794
2522,164990.07541057747
2523,165014.91146343702
2524,164985.60875108154
2525,164995.57307705397
2526,164988.98098784807
2527,165053.66061955126
2528,164993.92794489887
2529,164971.86566586213
2530,164971.0961301851
2531,165015.6321720148
2532,164989.72694176727
2533,164983.6152421673
2534,165020.47742167913
2535,165031.11251763985
2536,165050.31805139652
2537,165062.69127271546
2538,164982.05136937788
2539,164987.7400470869
2540,164984.86719328028
2541,164983.7730384269
2542,164990.51704749942
2543,164996.0935955473
2544,164982.29914054004
2545,165055.58380047054
2546,164983.2163084199
2547,164965.3701129912
2548,164996.26542822845
2549,164971.80861938765
2550,165023.08369385483
2551,164947.9226570346
2552,164965.35734186444
2553,164966.87837013407
2554,164985.82978186608
2555,164996.7968598312
2556,164979.49241234784
2557,164980.2882511776
2558,165011.3116060642
2559,164975.01130394478
2560,164969.5316087228
2561,164949.2601948272
2562,164969.08209410153
2563,164972.85817242283
2564,164974.9674901683
2565,165026.61679013996
2566,164980.1633811064
2567,164965.21215891064
2568,165079.049759053
2569,165080.04363293885
2570,164940.33013859324
2571,165068.00052387797
2572,164949.82226125835
2573,165079.18021640778
2574,165068.8461952111
2575,164971.11070238776
2576,164973.68680611058
2577,164989.86046090885
2578,164947.46573196043
2579,165005.23515166595
2580,164983.49430291445
2581,164968.0873098042
2582,164962.8772729177
2583,164963.90798262972
2584,165020.09633780335
2585,165001.14668418377
2586,165028.25835036876
2587,165000.39728249382
2588,164985.26449169568
2589,164983.2266580582
2590,164953.5245447066
2591,165076.5367485428
2592,164987.6370055555
2593,164986.02997187432
2594,165003.17583536106
2595,164970.6694267788
2596,165017.19757963752
2597,164981.15942941452
2598,165021.39463696213
2599,165029.47395576388
2600,165031.96924232383
2601,164967.7244140881
2602,164939.6030750871
2603,164939.44316317103
2604,164938.96599734042
2605,164940.75837835693
2606,164989.93500281314
2607,165053.84970555632
2608,165054.11941661118
2609,164982.89381560616
2610,164965.90363846882
2611,165074.71619009352
2612,165008.72152512628
2613,165012.77058227514
2614,165001.6670650217
2615,165009.32244384676
2616,165003.37684574025
2617,165020.30736517458
2618,165039.35474131833
2619,165020.7766729317
2620,164983.01171360817
2621,165029.46671778004
2622,164998.71178459437
2623,165032.5994245827
2624,165040.4592225007
2625,165036.86032933567
2626,164981.14906249978
2627,164950.06939094525
2628,165059.16300962924
2629,165072.86049558644
2630,165026.38823523652
2631,165060.21765465356
2632,165058.7088926838
2633,164985.4618364986
2634,165071.26859125044
2635,165003.17316932982
2636,165006.6651165397
2637,164998.15898928305
2638,164998.29744076583
2639,165005.84006473928
2640,164998.95121082195
2641,164971.5863237685
2642,164989.41905327354
2643,164944.01599937052
2644,164942.72073016685
2645,164940.54513059228
2646,164939.8167750192
2647,164940.3148633036
2648,164950.6378804223
2649,164976.27441284453
2650,164942.58274357053
2651,164943.31719053935
2652,165061.75866016423
2653,165057.4145952412
2654,165025.04098834537
2655,165048.2899901449
2656,165040.93981644796
2657,165003.404395159
2658,165031.21746661456
2659,165010.4055526913
2660,165020.80774570646
2661,165039.20841812695
2662,165048.05534527227
2663,165033.69287265695
2664,164966.2090907122
2665,164982.23104698316
2666,164970.65045012123
2667,165001.54329628134
2668,165001.7484599725
2669,165016.63668023987
2670,165019.64222221798
2671,164990.6051320456
2672,164947.4257944801
2673,164947.5167777598
2674,164948.21443730127
2675,164946.47989221592
2676,164992.2056497688
2677,164988.51951131466
2678,165023.90830091402
2679,164999.07665664956
2680,164999.21383417893
2681,164999.8219037537
2682,165006.20162961085
2683,165068.19453341243
2684,165007.24850458457
2685,165029.92658910668
2686,165026.234129991
2687,165050.24959602466
2688,165010.87934370694
2689,164987.4522585579
2690,165036.7589978182
2691,164983.12151509733
2692,164976.50750381817
2693,165011.1876877203
2694,165026.44138114736
2695,164980.17858466078
2696,164977.9953140646
2697,164985.53894504267
2698,164994.91063989227
2699,164974.80849436196
2700,164973.8273259624
2701,164989.08288538866
2702,164989.8773271696
2703,164988.1634221862
2704,164991.4686786444
2705,164991.29157743714
2706,164982.6946974174
2707,164985.03583805027
2708,165027.57162944335
2709,164977.31861159223
2710,164986.04837076968
2711,165046.02687455414
2712,165016.3122959015
2713,164949.49868105742
2714,164943.49198153682
2715,164946.56650115844
2716,164952.10822220478
2717,164983.92999282473
2718,164976.51809140414
2719,165029.27356421412
2720,165001.73918670617
2721,164994.62113171947
2722,164987.56259202922
2723,164991.97800475234
2724,164982.16685023354
2725,164995.9898817301
2726,164994.98798337817
2727,164988.94385837493
2728,165003.09984202875
2729,164992.78922303338
2730,165007.3845669804
2731,164983.1630019318
2732,164995.58243395668
2733,164996.50853120568
2734,165010.0807051804
2735,164995.0481860441
2736,164994.91414193306
2737,164996.48803481465
2738,164991.95300309776
2739,165025.71018201145
2740,164995.8875532502
2741,164984.73618712148
2742,164996.45572255514
2743,164999.4483001924
2744,165000.2547091561
2745,164980.43122481508
2746,165024.9199440703
2747,165000.41179458832
2748,164976.00245539102
2749,165008.3279918332
2750,165031.9767757099
2751,165047.1996261627
2752,165080.04492936574
2753,165031.77206364833
2754,165083.63393071486
2755,164975.93196883335
2756,165000.44941356368
2757,165005.64945101328
2758,164968.62810240884
2759,164973.82411783846
2760,165009.41717599359
2761,165000.84041780568
2762,164994.46966288937
2763,165009.74339212428
2764,165013.76231172573
2765,165071.7640932092
2766,165020.81273540447
2767,164982.28597629865
2768,164986.09723121146
2769,164971.57248521489
2770,164974.49031737357
2771,164969.97855726344
2772,164969.38261319924
2773,165000.00553990863
2774,164997.28062387777
2775,164961.880196155
2776,164995.19788003722
2777,164967.42052165756
2778,164948.8888512395
2779,164980.7579972108
2780,164977.30983773337
2781,164959.51438919565
2782,164971.29535404942
2783,164976.60622621802
2784,164962.89644853782
2785,164964.671531054
2786,164974.78916131982
2787,164994.08927570714
2788,164960.24498157666
2789,164969.9699078588
2790,164961.44586992086
2791,164997.11541049107
2792,164953.66666565483
2793,165017.6441312061
2794,164963.58015091292
2795,164964.24301001476
2796,165013.25212245277
2797,165057.30378334
2798,165001.8930657874
2799,164975.0180440585
2800,164985.30866852475
2801,164972.31604213174
2802,165022.1901231443
2803,165015.45526123245
2804,165077.33092009122
2805,164979.4556135611
2806,164956.75688524058
2807,164959.45641797484
2808,165011.72438707075
2809,165001.16427472603
2810,164988.79005103663
2811,164995.4698712604
2812,164972.60638089242
2813,165001.7019783429
2814,164988.0493471054
2815,165061.8782349846
2816,165078.03860635986
2817,165027.07049580806
2818,165004.9235545825
2819,164941.62607708358
2820,164993.43228264546
2821,164966.64013306968
2822,165076.28802090662
2823,165080.35645402165
2824,165017.72117159693
2825,165017.8685569398
2826,165003.69520704058
2827,164995.64276305187
2828,165024.34288046404
2829,164991.53997047
2830,165012.55369075973
2831,164976.5573379989
2832,165035.38599279703
2833,165018.15152214968
2834,165010.96913998146
2835,164996.0797861987
2836,164993.8219441043
2837,165020.04628905043
2838,165028.07808878174
2839,165023.39646855905
2840,164988.47828060377
2841,164993.5992472223
2842,165033.7569588716
2843,164983.06308502328
2844,165002.96430528702
2845,164971.63041191958
2846,165000.1493985268
2847,164995.53231233454
2848,165010.97254920757
2849,164989.3189053622
2850,165008.60765645825
2851,165080.59908044568
2852,165014.07906043011
2853,165013.98705848216
2854,164951.90927085115
2855,164989.3345511855
2856,164987.32137595137
2857,164985.0358430748
2858,164988.63163106807
2859,164987.08611197284
2860,164976.37821492893
2861,165054.2871328702
2862,164974.71426297104
2863,164977.39901698555
2864,165013.9844318914
2865,164947.92449822722
2866,164945.61320268997
2867,164969.34196983525
2868,164978.83242078926
2869,164988.52833639525
2870,165054.2051421428
2871,164980.6837897195
2872,164977.24065506936
2873,165011.73347266694
2874,165008.62964378396
2875,164966.76628378333
2876,164971.57654995233
2877,164956.24504828846
2878,164994.1502393505
2879,165001.15838642252
2880,164964.74212427242
2881,165079.38074168965
2882,165023.72234088503
2883,164983.48726454674
2884,165022.23818915227
2885,165040.15659183418
2886,165054.09019301838
2887,164973.01946522103
2888,164971.50028423616
2889,164980.12908545064
2890,164969.1076455082
2891,164991.63830555385
2892,165015.58509614537
2893,164987.43819034644
2894,164980.36478274048
2895,164965.79302623606
2896,164953.19736267356
2897,165081.7869989474
2898,164987.7127370415
2899,164993.27235652463
2900,165009.99048227767
2901,165025.54906552457
2902,164982.6644741446
2903,165038.0953982728
2904,165019.03483519974
2905,165062.38456822495
2906,164973.43283251493
2907,164943.52309188648
2908,164998.9338477438
2909,165020.69641446273
2910,164937.96470372472
2911,164939.55463994705
2912,165032.0941250211
2913,164939.66699887815
2914,164939.09716397861
2915,164940.1496157625
2916,164940.66233595993
2917,165074.99339267475
2918,165000.11825244126
2919,164998.43067294164
